feature_extract_enable : 0
point_filter_num : 2
max_iteration : 10
dense_map_enable : 1
filter_size_surf : 0.15
filter_size_map : 0.3
cube_side_length : 20
debug : 0
grid_size : 40
patch_size : 8
img_enable : 1
lidar_enable : 1
outlier_threshold : 300 # 78 100 156
ncc_en: false
ncc_thre: 0
img_point_cov : 100 # 1000
laser_point_cov : 0.001 # 0.001
cam_fx: 2588.491095334952
cam_fy: 2587.600586462444
cam_cx: 629.0443683171234
cam_cy: 489.72247933849906

common:
    lid_topic:  "/livox/lidar"
    imu_topic:  "/imu/data"

preprocess:
    lidar_type: 1 # Livox Avia LiDAR
    scan_line: 6
    blind: 5 # blind x m disable

mapping:
    acc_cov_scale: 100
    gyr_cov_scale: 10000
    fov_degree:    90
    extrinsic_T: [ 0., 0., 0.09025 ]
    extrinsic_R: [ 1, 0, 0,
                   0, 1, 0,
                   0, 0, 1]

camera:
    # img_topic: /usb_cam/image_raw
    # img_topic:  /camera/image_color
    img_topic: /HKRCams/Cam0
    #xiyuan
    Rcl: [0.0265918,-0.99963,-0.00570881,
         -0.00707545,0.00552247,-0.99996,
          0.999621,0.0266312,-0.00692598]
    Pcl: [0.0581056, 0.0208742,0.051084]
    
