cam_model: Pinhole
cam_width: 1280
cam_height: 1024
cam_fx: 2588.491095334952
cam_fy: 2587.600586462444
cam_cx: 629.0443683171234
cam_cy: 489.72247933849906
cam_d0: -0.019893760419825136
cam_d1: 0.3428522545244894
cam_d2: -0.0010025133289007092
cam_d3: -0.000991998916317484
